Time,Strain,Stress,Calc Stress,Error
0,0,0,0,0
0.001052,0.001052,0.022418,0.00645924,0.506763
0.002892,0.002892,0.050562,0.0177063,0.422253
0.005151,0.005151,0.076865,0.0314277,0.349437
0.007486,0.007486,0.097314,0.0455114,0.283369
0.009768,0.009768,0.116508,0.0591795,0.24212
0.012099,0.012099,0.134079,0.0730445,0.207219
0.014385,0.014385,0.150051,0.0865484,0.179104
0.016648,0.016648,0.164166,0.0998267,0.153598
0.018726,0.018726,0.177525,0.111942,0.136479
0.020771,0.020771,0.188611,0.123793,0.118101
0.022694,0.022694,0.199394,0.134874,0.104706
0.024563,0.024563,0.209958,0.145584,0.0940059
0.026511,0.026511,0.221414,0.156687,0.0854608
0.02842,0.02842,0.232213,0.167507,0.077645
0.03034,0.03034,0.242992,0.178332,0.0708099
0.032264,0.032264,0.253973,0.18912,0.0652056
0.034218,0.034218,0.264737,0.200018,0.0597639
0.036176,0.036176,0.27484,0.210879,0.0541597
0.038105,0.038105,0.285157,0.221522,0.0498001
0.040062,0.040062,0.296203,0.232262,0.0465997
0.042066,0.042066,0.306333,0.243201,0.042473
0.044051,0.044051,0.316614,0.253978,0.0391369
0.046092,0.046092,0.327014,0.265,0.0359625
0.048123,0.048123,0.337431,0.275908,0.0332433
0.050125,0.050125,0.347116,0.286603,0.0303908
0.052153,0.052153,0.356758,0.29738,0.0277012
0.054188,0.054188,0.366306,0.308137,0.0252168
0.05621,0.05621,0.375517,0.31877,0.0228367
0.058251,0.058251,0.384973,0.329446,0.0208043
0.060272,0.060272,0.39443,0.339962,0.0190695
0.062303,0.062303,0.403489,0.350477,0.017262
0.064324,0.064324,0.41194,0.360886,0.0153601
0.066331,0.066331,0.420143,0.371171,0.0135864
0.068375,0.068375,0.428968,0.381593,0.012197
0.070382,0.070382,0.437753,0.391775,0.0110318
0.072398,0.072398,0.445906,0.401952,0.00971655
0.07439,0.07439,0.453684,0.411959,0.00845845
0.07644,0.07644,0.461897,0.422207,0.00738383
0.078443,0.078443,0.470292,0.432171,0.00657058
0.08046,0.08046,0.477875,0.442156,0.0055869
0.082474,0.082474,0.485583,0.452079,0.00476072
0.08446,0.08446,0.493331,0.461817,0.00408056
0.086501,0.086501,0.500626,0.471778,0.00332042
0.088514,0.088514,0.507885,0.481556,0.00268736
0.090511,0.090511,0.515236,0.491212,0.00217418
0.092489,0.092489,0.52248,0.500731,0.00173275
0.094535,0.094535,0.529754,0.510533,0.00131651
0.09653,0.09653,0.537038,0.520046,0.00100112
0.098548,0.098548,0.543745,0.529625,0.000674325
0.100527,0.100527,0.550599,0.538977,0.00044553
0.102504,0.102504,0.55745,0.548279,0.000270686
0.104531,0.104531,0.564076,0.557773,0.000124868
0.106537,0.106537,0.570685,0.567127,3.8873e-05
0.108525,0.108525,0.577161,0.576357,1.94289e-06
0.110501,0.110501,0.583683,0.585491,9.59325e-06
0.112501,0.112501,0.590306,0.594696,5.53148e-05
0.114506,0.114506,0.596597,0.603885,0.000149234
0.116521,0.116521,0.603072,0.61308,0.000275396
0.118547,0.118547,0.609047,0.622285,0.000472468
0.12053,0.12053,0.614807,0.631257,0.000715934
0.122538,0.122538,0.621183,0.640304,0.000947538
0.124512,0.124512,0.627371,0.649161,0.00120635
0.126534,0.126534,0.63318,0.658196,0.00156089
0.128543,0.128543,0.639664,0.667135,0.00184435
0.130576,0.130576,0.645431,0.676144,0.00226429
0.132518,0.132518,0.650928,0.684714,0.00269406
0.134525,0.134525,0.65637,0.693536,0.00320621
0.136573,0.136573,0.662593,0.702501,0.00362771
0.13858,0.13858,0.668318,0.711252,0.00412693
0.140617,0.140617,0.674499,0.720097,0.00457012
0.142604,0.142604,0.680025,0.728691,0.00512151
0.144639,0.144639,0.68542,0.737458,0.00576394
0.146678,0.146678,0.690646,0.746206,0.00647174
0.148677,0.148677,0.696188,0.75475,0.00707589
0.150667,0.150667,0.701336,0.763223,0.00778649
0.152649,0.152649,0.706259,0.771629,0.00856697
0.154646,0.154646,0.711588,0.780067,0.00926087
0.156661,0.156661,0.71714,0.788548,0.00991479
0.158667,0.158667,0.722269,0.796959,0.0106937
0.160716,0.160716,0.727523,0.805518,0.0114932
0.162692,0.162692,0.732783,0.813741,0.0122059
0.164695,0.164695,0.737463,0.822046,0.0131548
0.16669,0.16669,0.74274,0.830287,0.0138934
0.168723,0.168723,0.747843,0.838654,0.0147453
0.170733,0.170733,0.752967,0.846896,0.0155612
0.172734,0.172734,0.757817,0.855071,0.0164696
0.174737,0.174737,0.762468,0.863224,0.0174622
0.17675,0.17675,0.767523,0.871389,0.0183132
0.17876,0.17876,0.772356,0.879512,0.0192487
0.180745,0.180745,0.777135,0.887506,0.0201706
0.182761,0.182761,0.782107,0.895596,0.0210561
0.184778,0.184778,0.786702,0.903662,0.0221031
0.186771,0.186771,0.791507,0.911604,0.0230225
0.188779,0.188779,0.796507,0.919577,0.0238741
0.190774,0.190774,0.800736,0.927472,0.0250508
0.192764,0.192764,0.805485,0.93532,0.0259817
0.194757,0.194757,0.810379,0.943153,0.0268442
0.196744,0.196744,0.814823,0.950936,0.0279044
0.198767,0.198767,0.819632,0.958833,0.0288436
0.200783,0.200783,0.824677,0.966677,0.0296488
0.202789,0.202789,0.82905,0.974455,0.0307607
0.204805,0.204805,0.833767,0.982246,0.0317131
0.206825,0.206825,0.838209,0.990026,0.0328046
0.208825,0.208825,0.843066,0.997704,0.0336439
0.210827,0.210827,0.847525,1.00536,0.0346834
0.212835,0.212835,0.851958,1.01302,0.0357405
0.214837,0.214837,0.856444,1.02063,0.0367525
0.216834,0.216834,0.861381,1.0282,0.0375057
0.218855,0.218855,0.865588,1.03583,0.0386835
0.220846,0.220846,0.870569,1.04333,0.0393803
0.222834,0.222834,0.874937,1.05079,0.0403967
0.224822,0.224822,0.879305,1.05823,0.0414049
0.226851,0.226851,0.883901,1.06579,0.0423476
0.228846,0.228846,0.88878,1.07321,0.0430609
0.23084,0.23084,0.893225,1.0806,0.044006
0.232858,0.232858,0.897995,1.08806,0.044797
0.23486,0.23486,0.902848,1.09543,0.0455003
0.236854,0.236854,0.907137,1.10275,0.046502
0.23884,0.23884,0.911977,1.11003,0.0471603
0.240878,0.240878,0.917266,1.11746,0.0476354
0.242876,0.242876,0.921922,1.12473,0.0483951
0.244863,0.244863,0.926395,1.13194,0.0492306
0.246893,0.246893,0.931231,1.13929,0.0499161
0.248914,0.248914,0.935885,1.14657,0.0506803
0.250903,0.250903,0.940638,1.15373,0.0513182
0.252888,0.252888,0.945804,1.16084,0.0516925
0.2549,0.2549,0.950459,1.16803,0.0524023
0.256899,0.256899,0.955286,1.17516,0.0529755
0.258898,0.258898,0.960112,1.18226,0.0535367
0.260912,0.260912,0.965463,1.1894,0.0537995
0.262954,0.262954,0.970237,1.19661,0.054439
0.264953,0.264953,0.975346,1.20366,0.0547944
0.266936,0.266936,0.980362,1.21062,0.0551658
0.268952,0.268952,0.985691,1.21769,0.0553957
0.27095,0.27095,0.991128,1.22467,0.0555206
0.272937,0.272937,0.996295,1.23159,0.0557751
0.274968,0.274968,1.00174,1.23864,0.0559294
0.276982,0.276982,1.00677,1.24562,0.0562868
0.278963,0.278963,1.01271,1.25246,0.0560466
0.280995,0.280995,1.01844,1.25946,0.0560083
0.283001,0.283001,1.02416,1.26636,0.0559214
0.285,0.285,1.02967,1.2732,0.0559396
0.287025,0.287025,1.03558,1.28012,0.0557634
0.289001,0.289001,1.04169,1.28686,0.0553898
0.29104,0.29104,1.04803,1.29379,0.0549863
0.293021,0.293021,1.05385,1.3005,0.0547799
0.295011,0.295011,1.06004,1.30723,0.0543743
0.297051,0.297051,1.06622,1.31411,0.0540496
0.299073,0.299073,1.07292,1.3209,0.0534225
