Time,Strain,Stress,Calc Stress,Error
0,0,0,0,0
0.1906,0.001906,0.019609,0.0109352,0.195664
0.4479,0.004479,0.03552,0.0246855,0.0930404
0.8081,0.008081,0.049884,0.0432102,0.0178987
1.0703,0.010703,0.062281,0.0563228,0.00915219
1.3152,0.013152,0.074431,0.0683392,0.00669867
1.6597,0.016597,0.085547,0.0849228,5.32442e-05
1.9068,0.019068,0.095899,0.0966174,5.61123e-05
2.1462,0.021462,0.106062,0.107808,0.000271033
2.4438,0.024438,0.115869,0.121547,0.00240159
2.5564,0.025564,0.125174,0.126699,0.000148422
2.8628,0.028628,0.134089,0.1406,0.00235811
3.1631,0.031631,0.142901,0.154067,0.00610538
3.4135,0.034135,0.151541,0.165184,0.008105
3.6619,0.036619,0.159689,0.176118,0.010584
3.9158,0.039158,0.16757,0.1872,0.0137231
4.2114,0.042114,0.175485,0.199989,0.0194984
4.4992,0.044992,0.18323,0.212327,0.025218
4.9082,0.049082,0.190694,0.229677,0.0417906
5.0817,0.050817,0.197997,0.236972,0.0387492
5.4708,0.054708,0.205234,0.253202,0.0546269
5.7244,0.057244,0.212333,0.263682,0.0584829
5.9252,0.059252,0.219048,0.271927,0.0582757
6.2136,0.062136,0.226067,0.283689,0.0649684
6.4111,0.064111,0.231692,0.291689,0.067057
6.7068,0.067068,0.238871,0.303588,0.0734029
6.9123,0.069123,0.245231,0.311801,0.0736899
7.1155,0.071155,0.251244,0.319878,0.0746254
7.4691,0.074691,0.257471,0.33383,0.0879564
7.7166,0.077166,0.26375,0.343519,0.0914701
7.9687,0.079687,0.269958,0.353323,0.095363
8.3197,0.083197,0.276018,0.36687,0.108341
8.6232,0.086232,0.281851,0.378485,0.11755
8.9593,0.089593,0.287025,0.391246,0.131846
9.1161,0.091161,0.293062,0.397162,0.126177
9.3266,0.093266,0.298691,0.405068,0.12684
9.5811,0.095811,0.304501,0.414574,0.130672
9.8887,0.098887,0.309238,0.425984,0.142527
10.1753,0.101753,0.314991,0.436539,0.148901
10.459,0.10459,0.319999,0.446916,0.157305
10.6128,0.106128,0.3254,0.452512,0.152595
10.9196,0.109196,0.330802,0.463616,0.161196
11.1706,0.111706,0.33589,0.472642,0.165757
11.4012,0.114012,0.341012,0.480887,0.168246
11.5845,0.115845,0.345883,0.487411,0.167427
11.9306,0.119306,0.3509,0.499654,0.17971
12.2035,0.122035,0.355713,0.509241,0.186283
12.3323,0.123323,0.360792,0.513745,0.179721
12.6765,0.126765,0.365378,0.525719,0.192577
12.9562,0.129562,0.370135,0.535382,0.199318
13.2121,0.132121,0.375081,0.544171,0.20323
13.5336,0.135336,0.379572,0.555145,0.213958
13.8476,0.138476,0.384656,0.56579,0.221746
14.0884,0.140884,0.388791,0.573905,0.226698
14.3895,0.143895,0.393818,0.583995,0.233199
14.5769,0.145769,0.397261,0.590243,0.235983
14.7583,0.147583,0.401961,0.596267,0.233672
15.1219,0.151219,0.40666,0.608276,0.245803
15.4253,0.154253,0.411028,0.618228,0.254118
15.6781,0.156781,0.41522,0.626473,0.258851
15.9868,0.159868,0.419664,0.636486,0.266933
16.2767,0.162767,0.424051,0.645832,0.273536
16.5661,0.165661,0.428452,0.65511,0.279858
16.8167,0.168167,0.432758,0.663101,0.283309
17.0966,0.170966,0.436755,0.671981,0.290065
17.3261,0.173261,0.44118,0.679226,0.291132
17.6458,0.176458,0.444907,0.689266,0.301661
17.9021,0.179021,0.448853,0.697271,0.306309
18.1726,0.181726,0.453501,0.705678,0.309212
18.4097,0.184097,0.457622,0.713013,0.311455
18.6707,0.186707,0.461653,0.721049,0.315715
18.9966,0.189966,0.465831,0.73103,0.324105
19.1644,0.191644,0.469468,0.736145,0.322671
19.4348,0.194348,0.47404,0.744356,0.325173
19.7075,0.197075,0.477976,0.752597,0.330107
19.8899,0.198899,0.48168,0.758086,0.32929
20.1789,0.201789,0.485502,0.766748,0.335576
20.4485,0.204485,0.48968,0.774788,0.338997
20.589,0.20589,0.493815,0.778963,0.333437
20.821,0.20821,0.497481,0.785835,0.33597
21.1627,0.211627,0.501332,0.795907,0.345256
21.3353,0.213353,0.505704,0.800972,0.340909
21.702,0.21702,0.510072,0.811683,0.349649
21.8929,0.218929,0.513577,0.817233,0.349584
22.1349,0.221349,0.517854,0.824243,0.350051
22.4323,0.224323,0.521582,0.832819,0.356072
22.7071,0.227071,0.525366,0.840706,0.360275
23.0519,0.230519,0.529302,0.850552,0.368366
23.2815,0.232815,0.532992,0.857078,0.369724
23.5352,0.235352,0.536653,0.86426,0.372666
23.7972,0.237972,0.540717,0.871647,0.374569
24.0444,0.240444,0.544369,0.878588,0.376943
24.4088,0.244088,0.548438,0.888771,0.385083
24.6676,0.246676,0.551828,0.895968,0.388922
24.9094,0.249094,0.555878,0.902665,0.389195
25.1602,0.251602,0.559938,0.909586,0.389926
25.4501,0.254501,0.563722,0.917552,0.393967
25.6476,0.256476,0.567379,0.922959,0.392761
25.9489,0.259489,0.571945,0.931177,0.394494
26.1711,0.261711,0.575241,0.937213,0.395958
26.3959,0.263959,0.579007,0.943299,0.395851
26.7481,0.267481,0.582962,0.952794,0.402466
27.0316,0.270316,0.587249,0.960401,0.403763
27.2706,0.272706,0.590478,0.966789,0.40615
27.5329,0.275329,0.594837,0.973775,0.405826
27.7937,0.277937,0.598436,0.980694,0.408017
28.0594,0.280594,0.602799,0.987717,0.407747
28.356,0.28356,0.606427,0.995524,0.41168
28.7107,0.287107,0.610648,1.00482,0.416665
28.947,0.28947,0.614612,1.01098,0.415916
29.2426,0.292426,0.618947,1.01867,0.417071
29.4997,0.294997,0.623049,1.02533,0.416878
29.7463,0.297463,0.626947,1.03169,0.416774
29.9347,0.299347,0.630423,1.03654,0.414989
30.1582,0.301582,0.634677,1.04227,0.412435
30.3419,0.303419,0.638789,1.04697,0.408318
30.603,0.30603,0.64337,1.05363,0.406637
30.9515,0.309515,0.647728,1.06249,0.410024
31.226,0.31226,0.651754,1.06943,0.410694
31.5079,0.315079,0.655989,1.07654,0.411
31.7567,0.317567,0.659883,1.08279,0.410727
32.0629,0.320629,0.664359,1.09045,0.411342
32.274,0.32274,0.66951,1.09572,0.405255
32.4179,0.324179,0.673716,1.0993,0.399038
32.6941,0.326941,0.677685,1.10615,0.399744
32.9363,0.329363,0.682565,1.11214,0.396095
33.2358,0.332358,0.686961,1.11953,0.396499
33.4752,0.334752,0.691102,1.12541,0.39492
33.6951,0.336951,0.696176,1.1308,0.389745
33.8965,0.338965,0.700928,1.13572,0.384776
34.1972,0.341972,0.705964,1.14304,0.383308
34.477,0.34477,0.710673,1.14983,0.381856
34.7376,0.347376,0.715212,1.15613,0.380059
35.0001,0.350001,0.720224,1.16246,0.37703
35.2969,0.352969,0.725593,1.16959,0.374437
35.5569,0.355569,0.730273,1.17582,0.372232
35.7178,0.357178,0.735737,1.17966,0.364061
36.0436,0.360436,0.740925,1.18742,0.363151
36.2474,0.362474,0.746298,1.19226,0.357084
36.4819,0.364819,0.75151,1.19781,0.352687
36.7585,0.367585,0.75711,1.20434,0.348939
36.9925,0.369925,0.762891,1.20985,0.343251
37.3157,0.373157,0.768388,1.21743,0.341523
37.5011,0.375011,0.774486,1.22177,0.333534
37.7257,0.377257,0.780618,1.22701,0.327009
37.9473,0.379473,0.786812,1.23217,0.320389
38.1914,0.381914,0.793038,1.23784,0.314586
38.5516,0.385516,0.799507,1.24617,0.312117
38.7319,0.387319,0.806151,1.25033,0.303586
39.0094,0.390094,0.812088,1.25671,0.299766
39.147,0.39147,0.819116,1.25987,0.289538
39.4416,0.394416,0.826012,1.26662,0.284529
39.6243,0.396243,0.833244,1.27079,0.275742
39.8567,0.398567,0.840258,1.27609,0.269031
40.1051,0.401051,0.847599,1.28173,0.262338
40.3878,0.403878,0.854798,1.28814,0.256996
40.5374,0.405374,0.862888,1.29152,0.246749
40.7872,0.407872,0.870884,1.29715,0.239577
41.0505,0.410505,0.87943,1.30307,0.232061
41.3261,0.413261,0.887401,1.30926,0.225989
41.4491,0.414491,0.896009,1.31201,0.215557
41.8175,0.418175,0.904242,1.32023,0.211641
42.0462,0.420462,0.913252,1.32532,0.203593
42.1719,0.421719,0.922068,1.32811,0.193922
42.387,0.42387,0.930391,1.33288,0.187148
